10000
4365
4073
4480
3419
572
2104
5794
8558
8597
9273
4134
6311
7094
1665
6876
5397
8579
7516
7162
3832
9459
2788
1720
9337
3759
7870
4741
4959
7713
4392
8033
7733
5404
8879
5771
7364
1390
3057
8130
1361
4882
8968
1833
2852
1452
741
7242
7375
2465
3853
965
5349
9488
7039
198
7653
766
1604
9987
2736
9533
7849
7448
5063
9402
8537
7597
6307
358
4905
3909
2694
0
1598
2962
4161
8579
3053
6616
3595
3121
5399
7044
7297
5439
4708
9643
1054
1236
4570
6361
9707
2615
3399
7277
1955
4331
4599
1446
6265
4898
814
8927
8262
7249
6810
4698
4685
104
4259
1730
4159
380
5658
4864
355
9063
3949
9348
8892
7785
8997
7891
5316
1031
2044
7918
7842
9368
4481
6346
5200
2396
7837
2637
6886
6197
7774
2161
388
9011
6022
963
7560
561
726
9910
197
5008
7441
904
3093
4881
171
348
1385
3456
4235
5367
7822
6080
534
6445
4746
6703
3809
6054
5045
4484
5881
6637
6101
6760
8520
2874
850
8897
9604
2519
474
8573
518
7349
3950
1914
2386
707
721
1541
3630
998
4068
2102
1620
1105
4435
7125
6724
2152
3917
2133
7938
6284
5383
2907
5455
7218
2307
4473
7029
9221
8285
5946
1807
4820
8411
8741
7388
9112
8218
776
3350
3833
9751
7323
7179
7485
8432
9916
6624
8768
8921
8351
5868
9344
2866
7221
1560
8482
6597
7650
8792
6578
2164
6948
6361
6701
873
3749
5324
3336
4464
3865
4746
5326
5452
2563
3806
5631
4758
2277
9984
3998
1754
844
8904
9863
9116
4306
2615
1901
2446
4
9558
7518
2553
281
1295
276
6471
4411
8189
5747
1838
6590
8652
6628
8081
759
4321
6066
7019
8846
6592
4101
4936
7617
8289
5897
7979
717
7951
1990
2801
6753
3194
178
4782
1269
3921
5878
6872
340
5774
2768
3119
6185
9149
8371
2289
642
9341
9874
8639
695
8940
3897
8852
1281
4472
228
6443
4581
5462
3565
7497
1689
5586
9238
4546
2103
2380
8542
8562
8850
4109
6842
2589
2201
9823
2939
4389
2925
1354
1289
9582
6821
4106
9669
1289
5863
6806
3575
6983
7717
9116
5270
8425
4611
9966
9759
5889
4586
8781
2149
3639
3007
6419
895
9634
9878
2524
9243
8765
8976
1288
2787
5587
8142
8136
4564
9478
6111
5744
310
2422
253
8963
5605
7198
1256
4728
3525
1674
5375
4832
6083
3104
2191
6561
5298
4849
6012
8629
9999
6797
2009
7587
2666
9890
3991
2934
6490
4639
9299
7537
6668
3279
7746
3644
1447
5312
5732
3758
7874
6569
3729
9978
4380
2653
5149
4979
7328
8641
7326
2798
1504
8270
758
7782
5141
7459
1112
5644
8520
9015
9538
1434
1462
7625
802
5403
9077
6820
5448
9250
7044
2523
1747
2031
7375
965
5554
7148
3134
2334
1338
9236
5905
5293
5664
2561
2929
1716
5150
533
1791
5420
4576
9372
9294
3436
7193
7596
7706
3492
8544
7030
6002
6741
7120
312
5855
498
59
4521
2201
1770
9732
453
5984
8712
7552
2346
2336
3773
4648
3381
904
9277
5111
8182
6268
3447
6480
4702
5502
2482
3827
4382
6791
2170
8367
1279
7711
774
8857
7978
4307
3415
4222
8521
2424
7033
8817
6359
849
4153
7540
8359
1825
3156
6595
4280
8204
2506
7127
4828
8111
6496
3200
362
7361
469
2586
6664
7084
4174
8736
3771
8993
2961
4928
8837
3591
7828
7102
4201
7216
7023
148
7419
2285
3822
3539
866
1353
7426
6125
4723
9686
6458
6594
8631
2910
7494
5695
4110
6020
4229
8633
1974
7519
6430
1241
6381
7807
1662
1484
9920
4043
6922
8670
2178
4680
1770
6323
7623
5603
9337
1107
7290
6411
6671
9399
2768
9721
1274
5173
303
8617
6409
7696
7428
7333
3776
5192
4478
8125
8498
1150
8582
2877
7988
3181
8299
1473
3266
501
2914
200
8545
4970
1589
2527
2492
2395
4096
1501
2490
5312
6607
7677
1414
5836
3189
9030
4994
7325
6053
9604
6623
6583
5348
1792
5689
4124
2383
3094
4895
8606
8474
1956
1881
2994
5352
8858
490
4189
2005
8216
7451
4954
7200
3855
969
6786
6476
5817
8714
5059
7395
9088
4057
3242
7043
5482
1047
1301
1344
8337
592
4461
6617
5962
2556
2460
9990
3833
1115
6138
6774
7433
3578
7739
9709
7313
6111
3659
7116
5474
3315
3564
4417
7475
2471
7744
6230
7846
7374
5375
4303
7266
1192
9979
9922
8803
2513
4767
8106
7015
3864
9789
4892
8155
7377
4847
8344
1866
7978
6999
8495
4818
521
9129
1412
4500
3605
6546
7779
7076
9492
1856
6967
6611
6465
4477
3441
4270
7282
58
3500
5127
4948
6804
6880
7159
4920
243
9530
1634
1108
5343
1001
6667
1506
5028
2318
6003
8182
7125
7944
3244
5467
7600
8517
7671
9659
6478
9388
1571
3336
4333
3684
573
7456
1395
7616
7836
4825
8422
48
193
9222
8279
7976
9301
5501
9889
4471
3709
7324
1662
5931
8393
836
9801
990
6710
4542
8019
4341
6049
7938
9067
4888
2467
4023
5257
9154
1527
3730
4653
7666
2226
3519
1994
4157
8424
894
8569
4871
7504
6470
3220
7973
9122
5337
7488
1167
7866
4943
1457
8938
2389
1501
3337
9570
159
1994
4996
6048
1361
4277
7720
4270
7670
3466
7341
6631
1631
8834
5516
8940
205
1788
4433
3902
1674
2133
5514
4953
8543
6790
8776
72
334
2437
8434
6429
9256
1091
2063
3175
8593
5586
5171
1509
8372
89
389
8276
5367
9335
642
1779
4842
9096
8677
6220
9527
9545
1056
4267
7313
2655
3395
5593
2896
4514
4982
2911
152
3581
5183
6055
1443
6237
1059
8917
7233
1766
5481
3710
4392
9883
7694
1931
4430
5275
3761
1670
3476
5282
2604
6425
4321
8791
4472
1501
7072
6708
2564
221
9051
6938
5293
3676
6433
9745
6187
4561
9863
2513
793
7739
3742
6530
5116
7641
4244
2184
8104
5314
4228
3161
1460
6022
4180
4679
3713
1646
7056
5553
1834
831
1493
9012
2966
3813
2224
2541
852
8163
8731
2781
6387
6305
3194
7509
9427
5612
6594
3079
9417
7099
7485
2346
5727
9321
1376
5061
4677
9922
9948
2
9138
8491
8380
5693
8347
854
5954
4450
88
6745
9812
2742
4771
9932
4227
9330
1083
2268
8105
1529
5887
931
1533
9069
6808
1133
8163
4488
4584
4968
3972
8775
3636
740
4500
1080
3582
6117
2081
1671
1413
2759
1742
8085
3953
9673
9487
5385
2851
7514
9485
2827
9855
6249
7330
863
8396
4209
4969
4357
8619
7365
9185
213
6919
3913
9553
143
7755
680
3711
2252
5072
4720
7464
8302
2999
5558
4748
7053
674
993
7808
7914
4001
2098
1095
3287
7972
1116
3293
2455
6744
9329
695
4634
5126
653
1677
3894
4312
696
6446
4071
6778
346
8383
7482
91
7540
3375
7304
7044
850
1282
9786
23
3696
9393
9156
795
8627
1105
4996
2999
6912
4366
9183
3568
9918
3474
7047
998
5219
4714
5313
2961
2188
1012
7601
3080
8946
3289
6798
6869
4986
6532
2419
9822
1513
6729
272
6400
4608
750
1165
7311
4700
5039
5189
3842
9495
531
8190
2288
6526
613
7451
8510
5768
6125
4315
2545
2418
6427
2495
5842
4824
8368
2178
9177
2837
5626
1648
7591
7396
9343
160
9800
3007
7240
8017
3455
1007
2453
2445
4317
2936
5245
722
7015
213
406
5246
7350
8368
707
8754
1312
1563
2067
1736
3937
5852
9223
8240
1932
7688
1675
729
7589
7576
8393
9420
7939
7421
6381
6641
2312
4138
2554
2108
3515
1386
600
780
2700
5917
4491
937
5650
4944
8143
6491
8692
6205
6357
4174
5745
2925
5610
3215
4103
1771
4537
2397
5473
3062
3022
6974
524
9009
5667
5811
9739
7528
166
7351
697
6349
3544
1514
2121
4503
9625
3480
7962
6084
9152
4474
606
4180
9985
4094
885
1280
8534
8540
4000
6121
5171
9175
4662
5937
5729
6235
1853
7387
8420
3239
3398
9054
503
8665
3253
3336
1834
2796
9875
5784
3108
9293
2330
5535
5012
3018
1896
1310
784
7892
848
3663
8742
1177
6819
5644
3241
3462
702
853
2196
6855
8371
9980
6836
7386
1703
4356
4653
1502
2350
7784
9688
637
2476
5973
5181
2357
324
6283
2438
1303
4848
9140
6285
8280
2910
6509
1898
1233
4555
2097
9987
7534
6750
2573
7305
3091
3631
9054
7310
52
1778
3317
1405
1600
2335
3760
4652
9236
7890
2033
1110
5275
955
2396
3019
819
2599
2388
4931
7422
4347
5202
8598
8828
3795
1230
6930
7711
4565
8759
5646
1201
4205
1443
9413
8085
9425
3330
5165
80
6656
509
9092
9323
7363
2182
5355
4325
1732
2938
3938
7023
1427
2298
2302
4295
1945
7247
451
8308
7771
8395
1895
1426
9012
622
3591
3040
6485
4669
6434
7652
3329
6962
4065
5827
5128
1164
1918
2196
7270
6439
226
7617
7800
4198
4481
5789
6380
7261
4294
8168
5125
2745
6957
4839
5096
2784
5135
3181
2972
5201
9050
598
6071
9652
2311
2384
286
3432
7077
863
4718
5115
8649
7361
8871
3534
1784
4255
3069
4201
1027
410
478
5209
5177
9602
9555
9904
1640
8221
9050
4172
9881
5481
3804
2041
4429
6660
8472
4508
6970
7452
8061
2958
3944
5460
8689
388
773
3017
9336
736
6331
4090
5529
9061
1615
6848
8866
3072
4695
2602
2089
9535
9972
1332
8013
7490
3545
3749
2039
3860
8025
9954
2191
6050
9572
5149
7692
430
7077
3566
6910
5218
8457
2801
8190
1214
1825
2092
2568
4066
9965
9722
5656
7336
4947
6682
7062
6457
6026
6021
9678
9909
7990
9887
7840
5385
9051
9170
2952
5551
7039
3860
7486
135
191
5778
3458
8474
4131
9149
9447
9426
9783
8661
1012
3595
7906
9108
2991
6193
4694
5479
8535
7540
9457
7468
9012
2189
9798
7748
914
6998
1867
9105
777
3053
3317
1504
6786
6306
4398
6550
6209
7023
8236
3412
1102
8695
4829
7270
826
2943
4536
8610
8833
8109
5888
9271
2918
5748
9468
9077
2649
1012
4286
5053
5076
68
5581
3811
9946
88
3314
6459
8672
5133
8751
4610
7055
4265
2474
5459
389
6638
921
3740
989
1957
136
8403
2399
3723
4785
2289
1589
6956
7689
3791
308
1747
151
482
9404
8875
6159
6087
5441
4012
4188
3757
7170
2566
8778
629
599
8097
308
888
5235
3418
5478
7159
868
4978
2888
2941
3779
7957
7784
2028
3589
1583
7582
4360
7187
1655
5084
1609
4089
9962
9424
9957
8419
8371
5759
1946
6284
8721
3463
4118
3734
8325
9135
2196
9735
4900
5164
987
613
4034
6746
1895
7284
6936
279
6943
4251
6113
3886
4580
9846
1908
6439
9137
436
3357
4914
2824
7482
2693
1170
6393
5202
4028
8297
2197
8339
3220
3586
1262
4087
7741
9869
4225
9559
2484
9459
4498
6352
9887
5283
851
6771
471
1910
5780
2010
2985
5121
5467
1254
1671
2445
6931
2028
1895
8652
8036
6382
4339
9555
6454
4537
2293
4716
4354
7442
6169
4613
6656
2414
4330
689
1985
1440
9536
7295
7153
84
5885
3037
7913
5985
1991
5248
1053
9889
2327
5410
5444
8861
147
5233
2590
882
2206
2765
406
2380
7641
5472
7518
5399
769
2488
9174
9127
327
1419
36
1245
5742
6003
3571
8194
4359
9693
2542
9873
2268
6827
177
3495
5345
7382
7009
3377
6431
3566
4085
8290
9214
6466
9261
5675
9265
8814
9652
2484
7979
5568
9946
5720
5681
7439
3263
1838
6053
3769
8493
3096
5212
230
5677
663
5269
3705
8843
8845
3988
1388
3968
2121
9302
3691
8239
6886
9872
823
5614
2722
612
1071
2874
3870
5152
4749
9767
123
5615
1543
6670
7823
3712
547
3246
5832
6214
1681
1993
8431
2101
4369
1294
6911
8375
4369
3586
4322
6399
2467
5633
3295
898
9389
9505
5183
9312
9718
4856
9806
53
3881
5355
9084
4396
1325
4705
4487
8251
9902
613
7842
6833
6166
8256
7340
7404
8809
8322
5785
2666
2772
8571
6081
138
4706
1951
9769
912
1415
8841
8004
4535
1657
5705
797
5469
8263
7563
9567
554
1914
7082
90
6221
108
8790
7787
8806
4878
2955
4961
1267
615
0
61
4836
9015
2980
2355
4684
1591
2609
1500
4590
1465
6604
385
6728
5232
2683
1394
9221
2553
2485
739
5909
5844
1871
2891
9892
4952
1584
7291
4830
1993
1115
2505
5763
9705
7740
8778
4220
2580
2167
8550
801
3834
2018
5895
2070
2803
4448
105
7593
6783
9595
5648
7286
8496
7298
602
8816
5391
502
8333
9772
9807
153
2650
9538
9648
7995
4980
1361
7702
5681
3190
6004
3941
846
5618
4500
9271
3425
584
9083
1034
8345
1214
8117
305
3989
7743
3022
8493
9304
4639
2566
6128
6305
7885
2695
9792
8846
8499
8082
4160
3017
2040
4986
4823
9275
206
3646
4181
1534
9892
2491
7041
3812
7118
5682
4785
771
8060
190
6961
4484
7119
8495
6981
6135
2428
8259
4243
7963
2469
876
8441
7785
3616
6681
3090
5635
7295
5763
4355
9713
7202
9832
8180
6693
1568
2405
3373
9670
2786
1683
864
5544
6913
2914
9615
2495
8512
4813
7855
7315
2108
7634
4219
1877
130
8870
7136
7749
8621
6245
2414
8083
6227
6654
8305
6284
9042
3996
4579
1703
3694
8496
7102
3594
3759
5009
2280
5943
65
8078
6321
7395
3717
7040
2752
2508
1804
5373
7857
2791
9640
4636
7805
8615
154
4864
3092
5958
537
80
5635
5169
8651
9702
1368
2457
6861
4058
6504
8654
8891
4976
8756
3951
6172
446
5784
1758
3668
5753
1859
9633
1649
2138
329
294
9076
8047
3869
1145
6305
7334
6647
6441
9681
3400
2610
2272
8260
8191
1864
842
3353
211
2786
7213
4916
6261
947
8613
4874
7506
7172
3707
6401
1621
6162
6791
9921
9291
3958
9808
1106
5121
7245
3253
3516
161
9994
5597
8703
5647
3266
9671
9553
5335
2140
3623
8459
6837
9657
3507
500
766
1465
4350
3227
136
6382
6619
8886
1506
7514
5424
1946
3626
5734
497
4655
8977
2369
6017
6012
8537
719
676
5015
322
6731
63
7365
7851
7518
5361
5857
5495
2756
4666
8657
3917
7996
5810
6367
250
859
2462
8323
4489
744
8510
921
5707
226
9238
5951
9100
1609
1673
4867
7644
5251
583
5753
191
7222
1123
3293
1185
2627
3871
8533
5901
7465
3073
4393
9049
6324
4361
4972
3943
5378
3863
1517
4026
166
6702
5598
8469
5476
9182
520
8838
254
5630
5284
4340
3950
7815
1504
9054
1937
2152
2635
5728
6725
7464
6555
7219
8584
4008
7108
8445
3866
2660
7582
8868
1859
1681
9213
7923
1288
7336
854
3579
5745
3775
1662
7263
3268
7067
7337
6742
9032
8021
1797
2259
1720
8549
438
190
3496
6716
8170
2811
714
6320
5248
2378
7506
7886
6608
2653
7217
9301
5894
1257
7270
5946
3624
1790
1534
2162
100
5510
462
8163
7524
8579
3422
9073
2557
2327
9441
5707
67
855
2355
9874
1198
2359
3807
569
4014
8019
2915
1194
2997
5043
4501
2149
4435
8499
8791
7575
8365
9938
4190
9796
4116
9512
1355
127
5780
2252
1155
83
5920
8519
1296
2752
723
3215
6420
125
7452
8309
4290
8492
5530
8465
6326
705
5884
105
4177
1016
9276
118
5308
5520
3283
1627
9628
8807
9269
668
6073
5311
5306
9510
2775
2079
8273
9402
6922
8198
8601
8002
778
4956
4056
4481
8434
9973
4773
8341
3814
7969
360
6357
4248
673
1265
5750
5451
8389
906
679
3164
6200
2005
3435
3904
8460
523
1375
2278
6283
3169
5524
5123
4043
8
7048
3406
2578
1920
3346
1218
8735
3824
6368
7497
3184
8455
1974
168
990
2224
613
4267
2377
4241
6433
5325
4276
1919
4033
6798
6831
1760
9510
5649
2820
1879
5196
3304
2143
3642
5546
193
7973
3371
4974
805
5926
1511
7166
2778
2734
5843
9346
7935
6267
7427
4316
5356
4472
2746
7671
6605
6850
3245
7563
1036
8384
3899
9602
4754
2518
5758
43
238
6737
3503
6301
4905
1568
7981
4979
5961
1419
5400
4122
5767
3572
9411
8195
6647
9849
9674
1419
6593
4011
628
7515
7597
6777
7217
1657
6537
9503
81
3495
4438
7023
1327
8475
3720
9933
3422
8364
4606
6684
7976
876
1248
6252
8218
2622
5325
2856
8822
9199
9892
5249
9419
1185
9051
4400
3583
5045
9677
5081
3409
3505
9873
8805
861
822
5079
7846
1013
4574
6833
2673
9036
7057
1087
7996
2294
6223
2646
5880
1312
8165
9833
7871
8501
639
8801
1933
1531
9812
28
4147
9023
504
516
9579
9843
3563
3928
1493
3683
2677
7520
3202
9853
6950
9056
2209
3251
4830
9146
2036
1325
9653
4407
3152
3501
6951
4707
744
5059
8936
3363
3734
677
2136
2629
6404
9037
11
8046
1270
8723
3569
4328
9426
7445
9496
2326
2485
1113
7119
1293
8460
6658
2631
3231
2448
2656
1463
6363
1815
4810
7403
2961
4742
9099
142
2670
440
4039
1271
6252
9138
4908
2476
6228
2
7003
8618
304
5587
2056
2743
633
2099
1781
9639
7008
5791
5184
9541
4871
7148
1758
3779
9693
6167
977
9745
7689
3994
9584
3434
9125
8478
2118
3971
4523
3760
6825
6042
5974
6928
8655
2967
5445
8002
3396
5243
9493
2997
2153
6841
5119
3689
3383
4278
4615
1831
457
1537
8231
55
6350
7278
2213
6443
3452
9481
6378
4862
5746
6616
9735
8544
2628
3804
4889
110
8488
6980
1956
7269
9851
8063
553
9736
2357
9340
4051
9607
3141
5859
3732
4340
272
461
1744
8811
9852
7295
840
477
3071
6138
5734
9579
80
1649
5656
4552
4888
8806
139
1300
5654
8213
454
3865
7726
2700
7183
3153
2571
9693
425
9834
4339
2221
2845
7341
7221
5077
7367
937
1006
1673
709
9258
9244
1411
1119
5428
4323
7040
3728
5876
6395
6366
9714
6338
8590
2960
6138
6133
9236
6038
1738
3827
2907
572
248
9622
6040
4875
6855
2412
9590
4379
5324
2370
732
7153
2985
3105
7980
8815
8307
981
9234
1919
1111
3019
283
7664
8578
8951
2054
5802
1194
7463
8506
2004
1508
1433
3490
628
5158
2071
4125
4828
8010
7243
273
5225
5442
5010
4557
3025
9829
9400
5026
3356
84
1798
3059
9867
2786
7981
2375
2183
7810
7771
1142
3674
2713
1590
8068
8179
9117
5747
5110
826
1298
6223
3958
9893
1815
8915
820
3769
1571
2819
4192
9505
2008
1497
3270
7208
5252
7288
470
7555
4002
2215
107
8112
6698
9304
6710
7782
5086
8108
672
7739
662
8656
5987
1485
3707
8733
4665
6304
3604
437
5087
3302
1971
3293
7050
3484
767
2864
4528
2852
5978
5730
8286
411
3759
4033
4406
9117
9955
5319
1496
1314
5854
6362
8911
7014
2661
2807
666
5484
4751
58
4867
8045
7047
4632
6494
2722
5003
9354
2148
9454
6648
265
8962
7927
4862
7833
6324
8792
4677
210
8258
2999
4741
1616
6377
3321
4299
4701
8141
6717
7052
1707
2863
6157
1073
5642
8344
5750
9609
9283
4336
3571
1016
6821
5123
2477
7361
218
2423
359
292
9938
1559
7770
9647
7625
8372
2707
4984
6491
1702
9403
2726
3722
6446
446
1925
8055
5164
9268
9791
4786
1995
3127
4083
9998
1268
5036
3208
5506
4577
6822
6456
6161
4351
4447
6186
1510
8965
1066
958
4557
4312
2889
3635
1366
9397
7863
1292
6617
9027
7425
4407
1836
4923
7147
1252
5028
7717
2931
9665
2677
6195
5644
2459
7695
6873
8522
4603
9779
6556
8524
4
7873
2846
4911
3247
7926
2779
5763
6953
3009
7698
5886
8549
6974
3305
7639
1219
7325
7413
9544
2519
7727
4333
6263
761
5686
4082
7478
3612
6310
6614
2568
5587
8798
6145
2544
1097
8317
8301
665
7548
2258
3308
8407
8635
6534
1709
3980
1382
4517
5232
6506
1795
8518
4322
94
3006
1276
5583
8612
6731
2829
6926
3687
3512
6369
5570
5646
9750
5188
4193
9512
9861
1659
3544
5907
9995
8375
5576
9803
5739
994
9787
8391
9967
2135
6881
3046
8556
5764
8063
9359
1124
1885
5341
3502
1067
2089
8063
2812
4268
7522
3568
3428
8588
2185
5326
8040
6959
6110
220
2378
5285
4946
7737
9921
2671
4737
7738
526
5514
3277
219
111
8934
2333
9
5404
8681
8219
1703
9813
4167
1744
5300
3982
8617
2408
988
7269
5445
5830
2318
4497
917
7905
594
5658
1921
3912
9752
4952
4245
5934
196
9542
1127
7311
2132
7684
4069
8569
3760
549
7884
5318
7385
1944
9801
4910
6965
5434
8049
5337
3906
8864
8830
6783
4026
2200
1818
3529
7525
5762
3409
1513
5511
2427
3824
4716
1203
9176
8882
1793
1252
493
9739
2858
2814
8548
4235
5205
4966
2828
1628
5871
8870
4972
8423
8418
9668
2883
6766
1095
4530
1925
8479
3614
5490
9971
7142
186
2753
7383
7864
7172
4007
2643
9395
4725
7944
9248
6029
3149
5666
9769
7394
6336
1946
8494
2692
6611
9425
4975
2181
7605
2723
6948
2774
4331
6197
2622
6531
2578
8593
9117
493
2912
210
5962
3828
8135
3362
9982
3588
6862
4878
669
3495
34
209
3165
1138
1670
2281
9375
7708
9895
4666
6387
975
9411
7868
5400
6614
1942
9560
3632
5140
6931
4470
6332
1781
761
7259
5929
4381
9137
2241
612
110
3888
7069
5168
5164
2447
3605
2808
2933
5500
8145
7859
5161
5925
4839
5720
7520
8
762
8260
5713
153
8369
9996
732
6836
1296
2769
2223
6363
2399
4420
7031
175
8764
16
5971
883
6958
2524
5593
2
3288
3548
3325
2433
7983
3706
3728
3156
9318
6543
811
2298
3523
9511
6358
5757
8973
443
7044
9937
8684
8230
3756
751
3357
1940
4968
9049
8399
3495
2293
6888
2188
5218
405
1647
9635
5024
5400
7900
4606
8873
5375
169
7134
2190
4495
3187
6503
9414
7171
180
9295
3564
2073
3781
2228
5772
6664
8683
3291
8112
1716
9901
1016
1719
1807
5601
1029
6196
2222
8865
1006
5619
4833
8450
53
1050
5600
4662
6175
9425
4098
2754
5982
3901
1148
2967
4067
1333
4072
3234
5609
8384
336
7893
4647
9002
9433
3316
2229
2426
9738
9262
3143
2769
1757
2993
7332
8264
1719
1692
2225
760
9762
7580
5229
3752
5115
9280
1371
310
6608
2404
9746
632
633
2184
3773
2623
203
965
4557
7923
8194
3875
3634
62
5010
6609
1281
1102
5944
364
9208
8002
6324
250
1931
227
3164
5180
9437
5651
495
9187
4820
2687
1805
6405
4526
2760
7082
4539
5528
8721
3871
4529
3328
1622
1397
7358
7029
382
4379
2447
2864
6295
8435
5945
5581
7114
2126
1356
7854
3441
1658
9409
1481
3591
2978
8862
597
1713
2606
5013
6281
8001
2923
8078
4054
9094
9814
9345
572
1417
605
8996
3486
104
8021
5852
8947
1445
1565
5945
4500
7293
1128
3773
1217
5790
8924
7386
7852
3924
4906
6013
1509
3916
7718
6875
3864
7278
7902
6005
9340
7461
2635
6454
1796
4472
1551
6078
9257
2574
1362
6263
2036
5227
2942
2396
8158
9833
8269
6681
1455
8478
6234
3983
1895
9911
5673
1760
4775
2262
1193
5898
5245
5656
2388
5254
7304
8781
9816
9068
1877
3743
1804
3038
6898
9061
4540
1852
3390
1567
4210
8188
5485
4119
3991
848
9037
7547
593
7529
3015
2063
4764
997
243
5482
7642
928
9187
3014
206
7518
6499
6160
6175
7133
794
6290
9672
4713
1752
1841
7726
2429
5055
6758
4246
9181
2886
1820
6511
918
1770
9754
7385
7483
4387
9702
6503
7705
9650
6510
1479
797
5814
5568
5838
8777
4694
4477
3793
1590
1152
8693
3289
3865
933
9480
7768
9870
1673
8988
4021
1081
6420
9104
8170
9032
6388
7808
4364
4616
9802
9229
1044
3854
6701
1318
7828
9293
5329
8130
1963
5672
4366
2058
7080
8250
6659
5058
8548
2285
4344
6890
9119
2568
2294
2711
5730
2608
6667
1973
3373
4101
8020
5509
4732
8643
3906
7942
4939
5326
4183
8094
9253
9772
3350
956
7701
2483
8164
960
4825
6940
5489
7768
4542
802
4903
2635
9817
6754
2914
5491
4389
3105
820
326
9070
8033
6222
9225
8310
5573
8984
3431
3640
5860
6043
3196
9387
6960
5892
6859
2612
665
2776
3591
3603
60
2694
3538
5482
2383
8145
3733
1450
6691
6227
8052
6062
2228
5173
4775
2512
10
7705
5808
1408
7113
5677
7568
7721
433
9417
4644
1720
4265
6881
3876
6532
3951
2287
8312
9720
6068
1258
7586
8736
4136
9644
3721
460
7680
6195
9098
3142
1623
5051
6378
5050
2450
2579
8547
7843
7357
4561
929
4284
2692
3918
6013
9310
8392
6223
6219
623
5834
90
9407
28
7537
2218
6781
9538
8504
2317
3172
6902
632
1460
5170
3671
3575
8484
3481
5166
7747
3016
2064
5790
7707
377
8082
5011
7090
3206
3524
9029
9448
6971
1465
674
2915
1714
7357
5374
401
343
8514
4196
1223
4589
2969
5881
4516
3335
2298
8589
9531
4462
1641
8599
3050
549
4180
7637
9518
849
6629
2675
5214
6786
6892
2051
3820
5882
5013
9618
7064
9534
3754
4209
777
3316
5702
5202
3671
4595
9696
6208
3404
1184
508
7970
2102
6458
2242
8458
1395
918
7708
2841
5256
7526
3128
8529
7431
8323
9
773
9103
2789
3711
2503
1596
4231
1325
7965
8345
9050
9844
3532
182
5194
9277
591
8052
298
4363
4846
7664
7073
2843
3511
1318
3349
7869
6931
3160
6864
7062
3965
5456
328
962
1099
5134
627
9205
3714
1789
7117
3577
4190
651
7850
3334
5600
6565
9361
9618
1619
7971
5116
2658
3011
3049
135
7516
8499
3760
4424
1603
3224
7306
5870
9913
1068
8721
4001
2005
8100
2747
9651
8097
3152
7927
1973
348
8110
947
3466
9388
4875
4641
5734
5454
8169
8794
3539
8119
3355
8922
2381
8542
6256
4496
5321
3375
7619
4799
8041
72
8288
7493
7252
9164
2435
2306
6467
282
5238
9810
4897
5182
8327
3161
9744
2842
963
8892
9557
8826
7467
1384
6447
3523
1720
4449
7949
1633
7683
2644
5125
8317
855
4372
2070
5801
9318
8618
3442
7903
4629
7239
829
8955
2149
5154
5832
7881
7666
1456
7571
7830
2105
5531
5029
6686
9000
3578
70
4021
7
2596
5313
5605
2187
843
2113
7485
7058
6079
7824
7790
5478
5457
8264
5937
4307
3861
804
5710
506
674
5915
817
5812
8501
107
8927
486
1209
1227
2991
7736
2791
7842
6633
1386
3019
8053
3846
8098
648
9486
1844
2060
9993
1457
9946
4398
2118
2328
6685
1807
7595
9927
1912
8861
3787
598
657
6344
5991
2874
688
3506
8384
5120
6322
5665
7706
2533
6867
9783
9878
7855
9299
9753
7346
1856
1222
9992
2834
4175
2010
645
3419
2507
7128
222
7339
8224
3060
1796
4814
9557
8023
7028
3283
9220
6696
8250
6949
1973
5577
2572
271
9043
9233
3566
5152
524
6739
5464
1969
3967
1877
1998
5292
7172
312
7022
6172
5885
1858
6892
4226
2592
6241
5177
4372
872
6273
8781
5067
879
3252
750
7127
5455
5573
9158
4850
3078
3031
3336
4016
3420
6098
8393
4595
3616
1591
6509
9466
8526
3564
8785
4348
6253
997
4581
8245
962
1941
6213
8199
8645
7109
5644
6906
7916
4611
6372
6847
7118
1518
8114
9976
1086
7237
4061
7734
5762
8323
514
2170
6506
4247
6510
5292
6450
8927
6708
430
4523
3351
4214
6342
8865
506
1331
2074
289
5008
5254
8187
2158
6321
2625
7837
7601
6251
1584
9433
2325
8540
2415
1105
1468
790
8258
6073
1910
6721
5454
7121
7229
9798
9067
7893
1135
7637
2857
8459
6589
307
4580
2714
2059
4591
6856
5555
3426
620
1047
8522
9860
6898
6602
3570
4708
4649
1148
6028
7858
2695
7231
9403
4388
9605
71
6690
5363
733
6943
5106
608
3943
2884
3736
9960
9326
9291
6528
9091
4983
1686
6232
8329
3124
433
8444
8044
8115
3507
8733
2205
862
3555
9984
2440
2012
2440
1555
8574
9753
5204
6627
8033
6751
1980
9198
5708
4697
749
7579
7944
4272
6043
6984
9147
2963
8705
9789
7183
3069
9642
8416
4221
7505
6132
2421
2948
1553
2703
8329
4217
4587
9857
8060
1061
6977
2988
9342
5794
3869
723
9433
1388
9349
6612
1679
5748
1623
612
2952
7596
2248
7120
8875
5722
251
4451
2851
9095
4951
6607
4421
3971
9753
1938
2216
5525
2787
4861
6875
5780
9322
6216
9694
6631
5141
4991
3490
6634
9726
9209
3174
2879
3002
6536
4892
4749
9640
5864
4216
4672
493
9516
5843
2053
1588
2013
9537
506
7278
5410
9635
5232
5676
3080
8326
6925
1270
3534
6155
939
1755
3374
6688
5630
3551
3796
6153
1754
3200
8183
2995
5581
9922
9309
6753
2024
7953
3390
449
457
5985
4827
5757
5155
5010
9854
5629
4316
5192
9497
4764
6477
6997
2275
4324
813
1749
4888
3659
8275
2018
4760
8430
3822
2816
1784
1498
6096
427
7833
214
9822
6895
1714
1340
7920
4687
4103
2720
4883
7832
1694
9053
307
2995
2326
7614
1628
6342
3157
8646
8123
9814
2079
4256
3989
3480
8557
9151
6937
9002
3775
6284
150
2954
1606
610
9696
7675
1253
4509
6486
1716
9643
9194
1785
1492
6657
7395
7882
727
9084
3999
1062
4510
9844
2929
2267
321
7461
554
1978
9285
7031
8156
9723
7075
7997
8589
5385
5369
5930
5180
9006
1609
5219
4086
8121
6880
7071
4911
6857
9214
2558
8168
8988
2304
3564
2355
7923
7742
5449
7862
224
2192
4011
9722
5665
9653
5866
6262
6053
2915
5801
6167
7094
7646
6802
2146
2437
7150
8511
5418
6679
5783
7654
1587
4617
4245
9645
5117
7299
522
3994
6579
1554
6145
7430
4128
8571
8570
7700
8237
8857
7029
7906
6635
5410
970
5930
4602
4322
7330
6020
4287
2187
5346
9904
5585
2660
5298
2973
205
312
702
6985
100
8531
1771
4526
1122
9617
1706
2024
2919
9483
6323
7501
6458
6373
1866
6448
1279
2892
5445
4207
5608
3303
7505
6079
3804
3507
5925
7008
7246
9442
6967
1135
6756
710
9099
7769
6910
187
1952
4420
5169
7073
4125
9394
1694
398
394
6159
8895
2341
953
9207
3293
5900
2813
6458
6118
9412
6152
6367
3227
1228
6538
8874
9351
1441
7257
8074
6511
3986
4713
1060
1475
1659
3802
1784
2570
8648
9526
972
1852
3
5700
3146
4678
5171
1535
9608
5046
3167
2142
1911
1730
264
9546
3754
7203
7180
6669
517
8607
1664
7926
4724
7616
4094
6580
2594
3954
8271
780
1557
5521
6905
7362
1101
6631
1501
4904
9656
4668
9293
5268
8339
4657
5692
5929
8349
689
9292
3750
2546
2900
7931
4563
3331
8827
8484
1872
8316
8337
150
2354
2490
2042
828
5395
567
4151
8833
8884
6068
2040
7715
3685
4270
6459
194
4806
4652
8280
8358
8110
4691
9962
1180
7643
960
2468
7117
94
5346
1313
9143
9762
3908
8606
1857
9484
3416
1473
5537
428
5920
1116
9944
6401
4834
863
1489
6367
6980
6088
985
2244
3782
3593
5602
7745
1381
3186
7900
7991
3819
9554
6828
8968
5657
8253
443
485
362
5673
7781
6239
8677
9155
7762
9853
6757
106
6328
6259
7371
9903
9108
3733
8660
5669
5809
3011
4073
584
4286
6457
3952
1288
6749
2021
3943
3159
7960
3876
7925
2768
5401
4030
3467
5646
4402
6975
5955
6657
6984
2468
3487
9735
1800
9939
8387
3501
3952
1662
2755
9387
7706
859
4876
9283
2158
5190
483
430
9756
5707
7891
6324
266
6283
8857
3715
8229
8771
7612
7448
249
4703
9011
6857
9577
5206
2963
9685
9337
7006
6411
2107
2504
3859
5981
6319
6261
9597
4152
389
716
1038
9276
8557
7152
6506
5127
4050
8921
8391
8779
604
8928
6284
6550
3342
1206
554
6537
4456
549
4944
2812
4207
3366
736
748
3173
4961
4354
5140
7372
3316
4897
2789
3934
7106
7998
9047
1310
6154
7699
3454
4669
5833
8525
3037
4109
3009
5878
3120
543
69
3988
4544
1773
5251
7207
3087
9089
2102
2199
1595
3013
8178
5720
7796
5283
3321
5108
1151
3045
780
6347
171
338
275
7619
7625
1458
675
4642
4799
521
1391
7760
7534
1674
5824
9752
6182
4767
7212
7626
8778
2041
7130
1301
1782
2391
9501
6989
5514
1110
8510
3346
2092
4682
7063
4021
2095
2118
3559
1081
2446
6665
8647
12
2073
4230
388
8434
3818
7832
5752
7523
714
569
8759
7239
2314
3109
730
3864
2025
5584
6096
1142
9590
7876
7994
4336
3752
6783
1494
9896
8936
3304
8717
2129
6344
8379
9315
2221
4229
818
1854
4308
4339
6881
6471
7886
1501
6957
6844
5785
1165
1180
12
2184
5342
2432
5846
5702
826
2153
4099
8451
4859
1674
5858
3141
2444
9342
7976
6811
6429
1646
3569
1561
6151
4730
9046
9792
2964
1224
8299
3888
1282
6167
7637
7997
1910
4923
879
2675
372
5478
2579
1470
6728
7270
8817
2234
4914
8790
9177
4952
9054
6600
609
2158
1363
9123
3694
7656
1290
9577
4537
4159
8364
3785
934
756
1836
216
9820
6614
8673
1598
4038
8235
7698
9704
451
3757
1760
7508
8087
9264
1697
5809
4593
8912
5552
4617
1615
2767
4004
3160
4861
3690
8316
6158
2635
7358
225
8195
7364
7564
4137
2481
8283
2285
775
5053
9849
4734
7980
565
9669
7562
8748
1220
1791
7699
8808
6104
6048
3959
6022
4198
1799
9439
1737
711
4920
5994
9836
2993
167
8643
2700
9269
7131
3607
4532
717
6946
4874
1591
4973
8614
680
5730
7085
8367
3099
2386
2109
2839
1053
6625
2102
6975
9491
1193
9090
599
5218
8667
4721
3337
2927
5723
6815
6215
3342
1319
2769
9648
9078
2152
9862
1773
2790
8139
2931
8122
6529
7857
574
3486
806
8912
2073
9480
6818
993
8572
6795
5527
46
3694
9430
2833
398
727
9291
977
7976
5812
3447
2452
1792
9138
3086
4226
2781
9045
2741
6877
8756
7157
705
5358
1767
6202
6738
5538
9465
5986
1124
3423
5216
7164
9946
2003
2642
6906
5046
4041
9047
5330
3542
7815
8731
6655
1017
6807
1609
4446
4536
3639
4734
6014
6480
3179
4324
7079
7876
9671
3729
4125
379
7996
8424
8540
9321
9694
2504
3589
6403
306
2496
2541
9456
5708
3310
3876
8482
1657
8062
7370
1691
2550
8210
3097
2623
2516
2926
3891
9596
4409
6979
666
1708
9987
4510
9128
1420
7656
2057
5890
2327
2484
7913
1753
2159
6907
6515
43
5282
9531
5903
8247
6003
3722
3516
1943
3832
7343
590
1029
4538
9863
8248
9581
6299
3366
8995
2349
8535
9520
5807
2840
2134
5420
7232
216
3683
7429
1001
4841
3037
3631
555
5174
3129
2278
8554
1963
3242
5805
8972
9191
2158
7333
4694
5060
5561
9403
665
474
2875
2685
3589
6929
2297
5794
7942
476
9245
6045
4618
3565
2615
4936
2941
1900
5331
1487
8941
9235
488
1165
2822
8983
2087
8062
6367
7919
9804
3239
6664
3851
563
2697
5968
6146
5751
4316
8801
5228
1863
4285
6438
4784
4064
18
5823
8305
6716
8395
4665
9796
2258
5253
6957
7028
9
4499
3491
4522
9422
2959
78
2631
8129
139
2137
8522
3699
425
8049
4670
9475
8955
5278
511
9044
1369
2635
3370
984
1968
9229
5429
5350
4416
5718
4562
6024
4055
6234
8196
8573
1165
27
1000
1503
15
324
9169
9925
9484
4117
6355
4562
7140
728
8864
5757
218
8826
667
1672
3718
1306
1959
2230
7958
4934
8544
5520
5369
6986
3143
1364
9046
4249
3906
7514
3631
684
9820
7591
2477
8847
7547
6263
3717
6673
9235
6385
1859
5695
6327
4895
842
8886
42
9087
9093
6383
5257
2544
7059
5136
863
530
2954
4187
6287
7876
2985
707
875
8553
8211
3197
74
4996
1365
7321
9958
7011
3468
6730
9528
4593
1859
5932
8453
6391
8392
4760
6411
5665
8990
4343
9062
8615
3473
2584
4801
5690
7648
3113
5935
5158
8005
5462
7680
9578
3073
5729
8469
61
4431
6447
5464
275
4739
1522
9881
1949
9727
7134
7748
6351
6030
2316
3076
1656
6993
3561
2053
4433
4148
6255
8849
4562
2897
1979
5879
6840
7152
4824
3978
9229
9159
1724
833
7261
7542
1509
9221
6462
8722
4916
143
9829
4309
3085
9779
5364
9781
5215
3324
9455
7862
7018
3253
5525
3334
346
4309
3753
4743
936
2632
6912
2419
5643
1807
9428
1552
2661
4358
1580
3697
8319
3210
8465
9980
1781
4006
3804
4553
4698
5801
1972
7389
6222
4609
7728
1370
5130
1586
2040
9827
9815
5181
4139
7146
3825
4518
4455
6910
9323
9468
462
9117
3319
1405
7622
480
1908
7466
577
9550
5810
301
5560
1446
6518
4749
3570
5369
6086
2657
5301
1734
5161
7146
3006
4776
3273
8029
1563
753
2555
800
829
1540
1124
2629
4038
8288
5119
156
2505
105
9086
5506
5149
8247
2793
8914
2484
7194
8863
8652
8627
157
9651
1482
1603
8060
3700
9820
1766
7842
1793
4972
523
8062
130
9331
6692
7185
3493
4282
5809
2719
4384
4686
8519
7387
5067
5298
7736
1911
8221
9241
725
2656
8458
3746
1451
6390
1379
3760
607
3705
8994
9760
5564
7266
389
2113
169
1012
4308
671
4790
1631
5971
4931
291
4231
3896
7083
5736
9983
3744
7485
8530
4670
5285
9765
7430
3622
5471
591
3409
263
5286
7392
702
2670
569
5833
537
4936
7318
7686
3015
7892
113
8879
8424
6795
8270
6987
7844
1967
8051
7187
4332
2030
882
5796
212
8394
6868
902
3015
3972
121
335
2482
8671
7420
8208
3709
9202
4529
2648
6993
936
5164
8940
3207
5131
6015
4300
4673
5714
7510
2753
5387
5962
4077
1198
1192
6954
9530
612
35
6454
2925
9588
4792
8996
7731
916
6318
5398
2472
5745
2363
2653
4148
4033
8755
3215
6692
4427
2903
6064
5452
1538
6044
605
5300
3596
9920
8479
4322
8942
5587
7634
7245
5472
6925
7647
2800
3203
9082
5212
6980
6454
2570
3962
9855
8806
7002
3329
6999
931
4579
7042
7879
8703
2357
3012
2607
6545
4033
2896
5352
8901
6544
1373
7405
925
4134
2348
5392
7985
2672
1693
465
2453
50
3880
2423
5371
4196
2946
8672
70
8927
6558
1685
4570
9211
5668
206
9699
1684
1207
8811
260
3277
3601
7651
7287
689
496
9204
451
6089
3012
1689
1036
9909
1100
9428
7528
9890
4115
8881
7839
6650
3606
5361
4470
9936
1494
9485
1475
6480
8310
4308
5032
9897
2957
3804
2595
5433
7601
826
9166
7523
8719
8044
3036
6107
8057
8472
7496
8441
5346
3137
9514
6744
7953
2214
1104
8427
1359
2532
4222
4905
8323
8710
5448
7004
3919
7412
2371
9840
8242
4207
9677
7730
8503
324
9231
140
7503
2271
5140
3003
5995
685
1690
5799
2348
6074
9389
3765
4090
8166
1882
6261
2402
2476
4440
6928
2442
2397
2919
8569
9507
7615
612
5895
3456
2
9271
2220
1582
6240
9703
2016
3148
2412
6823
9810
7207
9513
3817
7334
8980
459
159
5089
9068
8503
8616
1471
4090
4207
7108
2524
6944
3102
2289
8007
9828
9005
3083
4956
3397
8587
4028
8208
1007
1240
270
8477
7822
4553
8307
2445
801
9763
9188
6112
7027
3455
3741
2157
4673
1466
2669
4407
3009
8465
7816
7724
5286
1991
4795
9536
1087
2894
1293
83
2774
5033
9832
2020
4048
5882
8558
6445
7309
6233
8693
1658
491
1605
2711
2970
3381
127
2983
6779
8010
1710
6695
9744
7681
1122
9150
4413
4395
3210
4237
5919
5033
1993
7795
479
2508
6564
6900
5349
9260
5857
5662
1594
7005
1174
6037
5603
8416
116
374
2612
3556
8015
927
5673
6300
3339
420
6480
3744
1637
6886
257
4642
8562
5467
5523
1285
6257
9654
949
2913
8975
4508
5762
7762
3166
4822
7200
5134
4489
1898
8350
8505
9191
3613
2396
5628
140
3824
4755
1807
8417
8787
2903
8111
9821
226
4759
7124
1919
6980
437
5046
1311
9733
8903
434
2710
6237
598
6672
1081
7636
9462
7411
5649
59
2942
1610
9855
9442
6563
7580
4522
1732
416
3487
2395
5054
8533
5123
1025
5231
8524
461
7494
1102
8094
4485
2891
1501
7076
7085
6654
1484
8501
1469
859
1382
9860
409
2419
8636
6217
2956
6738
8986
104
4745
9846
581
9243
936
7282
1810
2062
1996
7084
1298
2680
9000
1096
6361
1595
6985
3547
4442
5658
1965
8313
607
1081
9667
6649
2957
6200
1793
5260
7022
6517
8665
579
9628
3140
5470
8836
2519
7156
3035
3099
6100
6702
3007
7846
4068
544
1671
8830
410
1824
6223
992
1278
8292
2260
19
5572
844
1490
3771
9741
443
4222
8242
4245
4639
2078
8990
1417
8790
2516
3039
7038
3830
8294
8137
857
1984
1763
5954
4475
4139
6052
3324
8555
7803
2567
938
5171
2516
7057
2037
5206
403
4469
4622
5253
3125
6258
9413
3168
2942
2443
2413
6566
4798
4736
5275
3927
8392
6343
8895
3701
4056
8690
5649
2824
3915
5220
3519
2387
298
7690
992
4868
6641
922
5052
4285
2255
7854
5858
7903
1207
7894
762
5727
7330
8117
7218
1915
1905
8583
8814
426
7893
257
1182
5793
4795
6369
4862
8712
1165
5840
326
5299
7622
445
6306
8329
1772
5747
6368
8562
7911
9533
185
4317
8576
450
5410
7880
2064
3882
3199
8046
9891
1699
5475
9103
836
7443
4825
7914
3674
8789
8571
2411
9025
4632
7001
6763
1805
5058
1995
759
9735
8615
6367
3551
41
2800
6121
4776
6057
504
7523
9311
7770
7234
8384
5426
5533
1405
8299
9948
4139
2717
5695
8197
5235
1697
499
905
9679
6843
11
5127
7830
4501
2101
1231
5019
609
4285
3435
1468
2709
9386
7112
787
5303
8523
2071
8852
1515
9985
7379
5314
9279
8182
9949
3342
855
306
6045
9223
287
9618
2177
2441
4667
3315
9412
8523
1513
9835
3045
1514
6386
5172
7778
294
2014
237
7087
3094
2589
1671
4292
7579
4677
6625
1992
9630
9207
7970
5994
2574
7407
166
9647
22
7211
7597
4565
9716
5671
6547
4124
2795
7195
9198
6858
2788
7090
3057
7868
1269
4761
2002
7713
2615
1229
5814
9910
8574
1126
3486
117
4481
246
1861
2361
2856
5864
5222
247
6846
8579
3370
4005
5536
1195
5363
7422
5476
2318
3669
2254
7965
9739
8761
1520
9592
1443
7320
7277
4334
142
8196
2883
9121
571
8981
4577
1174
7501
2675
2265
4672
6400
8271
4810
6329
7981
1296
845
4327
2495
372
2134
2714
9564
3642
2863
3845
4590
4588
4883
4747
3325
183
5897
9394
2069
5588
4843
7777
2148
8677
6339
4402
3782
4567
3930
3381
6319
5015
100
4628
8873
44
9555
5862
7877
9525
1079
8059
5777
520
2466
7825
8170
2181
2448
8740
5047
3741
3352
5152
5496
2710
8276
6121
4182
9769
7003
4255
2281
4066
5550
4044
5111
7602
5318
6941
3671
252
9107
5952
7516
7566
2934
745
1984
1967
4545
5437
3627
4209
1791
5091
3907
6045
6628
3722
2686
6914
3395
6118
9879
7183
3238
8172
5720
7969
87
5535
7554
2903
7405
8451
3799
312
9102
1347
3769
5265
2463
9415
5444
9683
5701
813
1925
5266
7862
2339
1336
8407
4173
8481
4202
8432
5678
8598
7007
534
7990
4651
509
2571
365
2381
6670
565
2914
2124
8607
1149
6779
1556
3842
489
9325
1579
2287
8291
4024
8279
6945
2355
2590
8443
7045
3867
5147
3455
529
6114
2725
6586
5153
9635
5230
1639
5295
4945
7173
6719
4545
9937
2916
5506
2574
2803
2964
9816
8431
2907
2908
1455
1426
1411
7059
8439
5053
674
9475
477
9034
6421
6159
1300
9497
9539
3510
884
7539
4968
9772
8920
1978
3597
8185
1981
2997
9361
2829
732
9505
7784
720
312
4612
4106
6633
6482
345
8826
335
2561
4911
6019
9435
7281
3206
5067
4898
1709
4032
9640
419
4152
5538
8646
1320
5567
3770
2674
3396
4438
7880
6011
7243
9266
9576
8688
8985
8908
3658
5233
4039
5815
1140
6793
6577
4915
6358
1116
3685
1332
4746
539
9870
3469
8474
1548
4529
4037
3052
740
2260
565
9157
1112
3505
8630
456
9462
882
5616
9977
391
4821
124
4732
4908
589
2357
706
1971
7677
3771
8068
9407
1652
55
9540
6618
8025
151
3197
5257
7487
5383
4679
5581
1943
7048
2778
5629
1170
7819
6671
7530
636
2199
2685
272
2060
3901
3433
1086
9611
3528
2365
8233
6296
8211
2377
6418
7073
5962
7954
2334
7467
1424
6538
1897
9074
6427
6275
2619
6247
8283
4125
4272
1444
1139
423
8502
272
844
3417
3353
1070
1774
67
1849
8062
4854
7402
4662
1531
9626
2163
5709
3270
9596
5086
6058
653
9368
211
5931
8043
4072
8882
6774
8
6485
2749
5382
6795
4861
9990
9879
8901
5022
4230
3009
4171
3509
6189
1615
7885
4709
3952
2458
3497
3806
8947
3603
9345
9096
1203
7474
4502
1796
9269
6381
5178
8777
7291
3831
1600
3869
4193
5264
4128
6319
7613
9984
6532
802
8354
1990
3800
1991
9434
1205
1636
8076
7523
8135
4890
1897
3546
4402
2553
5347
3537
8777
7688
2610
449
3362
1655
401
2541
7375
3373
8918
4248
6645
5969
5457
942
5354
5151
3771
9906
2843
5912
6165
6006
2352
6767
2041
2029
450
3599
6154
496
5634
8443
2194
5839
2047
2032
2472
3281
9620
2766
2469
3516
5052
8952
9789
310
9022
5570
680
1545
3740
1645
3687
2887
1567
9363
9223
7263
9777
1484
5916
2647
8764
9313
9404
5247
980
9509
6949
5151
5723
4364
1693
6713
546
6823
3697
6511
3465
8487
983
7604
1455
6099
2729
9966
9736
9635
8487
3503
3299
2980
1855
1819
6769
6421
4346
2070
1237
8677
5419
8642
7004
5068
7566
6130
9329
7528
1159
183
204
1667
2385
3111
2949
5839
8971
4864
7983
7281
2663
8966
7530
764
4454
7300
4190
5935
8403
7267
3344
538
2562
9754
2149
8038
1003
6619
8560
9842
9227
1929
2213
4255
6341
2068
5300
6583
1308
6027
5627
7401
7296
8656
5919
8891
7707
6479
3159
2363
9801
7804
9234
3614
7014
6259
9488
6607
9036
9667
8938
99
9519
4202
6819
6316
4859
7143
8916
5555
3962
242
3704
5668
8077
9687
2687
781
1857
7974
7548
9335
1660
7603
6714
7545
4741
6459
1770
702
3500
9970
9791
1420
2216
5694
1101
873
9811
1873
3243
6341
1111
2643
994
5989
777
9105
9166
9690
8644
7269
9621
2905
2553
989
6428
9199
4909
449
3440
5754
2210
4502
6664
5444
2553
8216
9796
8454
4734
5358
4986
6237
3998
9223
2548
675
3676
4209
2637
1694
9049
4850
9183
7333
9561
8636
1318
1269
8247
3872
409
4119
2646
4093
1408
6552
9816
6087
5691
4126
9143
9458
8815
6111
557
1840
710
3105
2499
5372
7666
1163
3534
6839
5231
3382
3831
6016
8585
3380
7921
4181
2337
8991
8131
7494
4766
8600
8835
8015
2529
7044
5333
8492
582
2749
7529
5733
8647
2891
7841
1368
9946
8745
4795
8125
104
9104
8632
4343
4158
5694
2905
9399
7403
818
6518
7954
1461
4144
3976
1483
409
2483
7685
1435
3030
3710
5085
9526
6370
3549
5105
7191
2629
1838
2995
8008
6136
3136
9913
4027
9652
5009
3843
9380
9581
6222
1367
2291
7787
6171
5639
9636
3685
6387
4479
6613
4011
4685
3939
7739
9261
2658
6930
4376
5168
7574
3517
8324
4800
487
9358
612
1831
3367
1424
9566
8418
9408
5628
2466
1691
2326
9251
662
1365
2404
2193
8904
7194
9342
4971
5802
9098
4530
8124
3824
4656
8293
7205
4083
8366
832
9942
3231
4574
9154
7252
7248
1306
6088
7825
9650
5368
1641
6757
9679
16
1432
2313
9433
5282
1686
1348
7558
7584
5379
3094
1124
9660
9527
3105
6609
4047
9300
3989
5550
3334
707
7208
327
8262
9890
734
803
343
3765
617
3121
9160
3657
642
7768
5721
910
3137
5279
2366
979
5780
4373
6561
472
3716
9166
649
9769
3731
9217
2104
2413
7328
8570
9196
1279
2565
7743
5063
688
303
5619
9176
3094
9102
6621
8916
8748
4432
2172
5565
6837
2085
4501
8392
6972
2727
5099
7724
652
4359
9804
2880
3317
2166
7376
3696
8971
648
8715
4982
976
1285
9390
1700
4628
44
9040
8942
9332
2965
7388
4799
857
4809
8091
6174
6996
5266
8467
7218
3193
9585
5262
7619
8224
5664
4030
3294
3846
7608
2472
5148
6495
6533
6119
2528
3559
3052
8114
6758
1539
2231
3537
6712
8503
1077
2703
2759
8613
643
7176
7624
2255
9693
6863
2709
1300
4525
6465
6249
5372
53
4836
5298
1639
508
1342
7010
7635
4255
9161
5919
3852
6107
6691
2994
471
2272
4695
9161
475
7593
8618
630
9610
2103
2650
5928
2180
4078
4522
4816
513
9752
7782
7435
5063
5655
1338
7959
1603
8125
4432
790
1707
5966
8899
8911
2849
6468
9547
3397
4796
2021
7801
269
9735
4422
3380
5905
4567
6647
3709
5026
5148
7316
1001
5926
3906
1400
2506
6045
4240
1792
306
7259
7352
302
3195
4329
9788
3362
4681
1829
2824
7245
7986
4573
8097
1
978
4087
7340
2423
1464
8961
7988
8383
5975
83
523
5641
3252
2695
7901
1845
6988
5946
2196
6846
1106
7237
8662
1701
4785
2993
2829
6743
3823
9719
1949
5995
9478
9200
8153
2833
5907
9525
6992
2297
2553
9256
1714
8745
8377
5501
559
3641
705
7923
1665
7186
2665
9776
7742
9221
9634
3946
571
9393
6984
6683
3616
3916
8474
4213
9541
6406
7108
7727
8282
3289
8018
414
450
39
5958
6109
342
3114
8404
2921
2555
3886
8918
6763
6354
5071
4413
9097
2289
7222
4297
388
6292
2693
9065
5796
7526
7145
844
2448
7556
4163
8663
8243
103
6808
6734
631
2579
1075
4949
43
2886
104
6936
6715
7552
4752
2539
1550
171
5646
8383
1354
2325
4224
2305
6292
2714
5395
4857
2723
4012
2471
3860
7722
1175
5786
5992
2536
9338
25
2818
983
4254
1714
7322
5377
3278
7541
984
6936
337
6216
790
9851
4014
1438
147
8170
3905
1212
7615
2512
6756
9201
2636
9222
523
7152
7948
8056
1468
3459
4303
5731
6687
1922
4225
1744
2033
6430
8097
9759
3319
1860
7627
2549
6893
8849
8892
996
4192
232
9572
7979
3722
9955
2741
6086
3094
1022
2638
4085
3140
7672
6202
791
5996
8388
7844
6591
9038
553
3924
2226
7032
4633
7699
1664
5530
5610
5139
891
9567
2043
6928
7264
3088
8632
2225
4722
6147
6447
5296
8577
8888
6069
7022
9892
3629
2843
9445
3494
8905
117
3036
5590
2263
5953
3143
6616
1810
1077
4225
2494
23
1050
7888
2761
7191
3608
3507
7185
5986
2901
8244
3451
3149
5967
6671
7201
9027
3207
8862
2357
801
3839
9843
3984
640
9353
2561
8172
5733
2856
1179
3429
3161
9844
1421
5891
8942
6420
9947
6273
7186
4283
5274
9987
2306
7905
8660
3037
4473
8214
4514
5439
6111
8871
6423
764
5116
5717
6655
5100
8700
7369
4167
1264
288
5078
8524
4380
746
2945
4921
3108
4323
5404
8532
6730
9227
7447
4797
2083
2450
4524
5914
5877
8611
3237
2843
7341
2948
1032
6364
3319
9306
2904
439
2973
5025
5826
5976
2034
5912
7086
3391
7226
6201
985
7907
9886
308
9495
2385
4097
5492
6345
8674
8712
7126
761
9978
4524
1169
6629
3496
7552
1633
5174
4777
6903
4406
4461
2600
1011
2574
6947
5977
9167
2582
7150
2911
6227
5013
5090
3920
7130
8538
7555
2019
4415
703
8502
4837
6354
4576
1923
3863
5469
6037
5375
440
7235
2489
19
8026
6601
107
3521
5533
5558
3414
5421
7066
8490
7913
719
9290
3233
3786
6316
8796
4913
6271
6680
8383
6445
6200
9665
2919
4345
2442
739
2615
946
6452
4069
3945
4498
8038
1869
6212
6709
558
9211
4789
3274
3231
126
465
6674
8047
2197
7982
2112
8811
1115
5858
6820
292
3679
3891
208
6129
7594
4360
7273
5198
9084
7873
578
7469
4800
5047
6691
2020
2818
776
1445
1882
8612
8705
4650
2595
5792
9697
8925
4022
8154
9601
9249
7793
9112
8415
9487
6028
6922
5057
9674
465
9308
9410
3172
4986
9055
6016
5931
8677
2923
1887
1036
1009
9850
4248
497
5526
837
2710
2795
3484
2103
4373
9087
4321
5174
9670
3165
5511
2408
1353
293
418
4127
8998
7843
9080
3990
6619
6298
3503
2575
1531
2643
6032
5183
8512
9408
6607
8834
4451
1725
2328
5159
5181
1613
644
383
8016
3429
5679
1007
610
6924
5765
3935
9184
4661
9062
2752
6948
8690
3305
7698
6550
7329
5184
5436
8792
6641
4632
6166
3522
2796
9399
9844
7595
866
5661
310
9126
2819
1155
5992
6853
2470
8350
8509
8374
7977
6478
5967
1259
3123
2945
6073
6605
7027
6551
5221
5456
8237
7274
3716
4703
3198
9922
3931
575
985
1878
7823
4618
5882
8378
2516
9218
6908
2263
7870
7101
8702
9025
7918
2047
1317
2069
8839
6061
7432
7618
9746
1641
4226
3441
8989
6466
3755
670
7883
1792
45
3391
5832
5198
3317
6386
5665
2896
1754
7442
5661
6778
9078
6968
5227
6614
1787
4339
4486
8368
3411
7306
4116
5455
4347
8125
730
980
4947
7628
4778
5449
6396
6359
2530
6286
8629
118
1018
2582
7022
5774
5008
959
9956
2055
8038
6145
7427
9159
5349
2951
6895
514
5146
4669
6257
9761
6041
6626
5440
6163
2745
2606
7501
1988
9140
6156
7279
6195
7701
8425
689
9703
6896
9102
571
8933
3698
7279
5602
5904
6601
4593
7288
5159
5664
3917
6243
77
4
3003
3107
3683
9893
3998
1273
2005
159
6569
8334
1215
3945
4468
658
3329
1033
2827
817
9067
2936
6179
734
648
7747
5316
4357
1721
1318
4394
2439
6447
7798
8440
8558
4809
1746
5362
9913
6638
6102
5908
8617
2548
5143
9605
9219
6015
9220
4672
6024
7151
8550
5109
9389
5394
6621
8772
3643
5278
9883
6051
535
6746
9316
3
1159
9040
1169
5254
6249
5096
8743
4812
9358
1619
4404
1020
16
8488
1225
9359
4230
28
6586
1502
7864
9802
5876
7124
4355
52
3068
2293
1991
6706
6288
6007
7565
915
807
5379
2573
8546
8864
4314
5345
9705
5613
139
7504
1445
3146
7550
5959
8103
15
9535
2281
5414
1984
429
9770
6449
824
7176
4751
9764
1898
1027
2739
2686
8008
3403
1978
5592
6497
6472
6572
6225
8987
1074
8919
6653
8283
2109
6496
9263
4925
4200
1165
2390
6723
8530
137
597
8146
5108
6455
9419
2906
3404
3481
9478
2264
8286
2198
252
3666
7503
2392
9529
9130
1573
8734
557
506
6857
662
5288
9192
7875
543
8730
1175
5432
8075
6391
4385
3040
151
4087
4260
5258
4452
6956
5135
8094
1946
2441
9637
3424
8165
190
5589
6468
5625
379
126
7840
90
771
3668
9398
1521
2003
2221
6191
6475
31
5052
5167
2511
4448
6224
4995
6700
1494
2685
331
9748
943
8653
8179
4412
6797
5914
3617
1936
2725
2262
7079
3000
4533
5861
5642
382
3581
1534
6301
8899
7065
6124
126
4540
3309
3992
2322
8686
2839
410
4753
5285
8895
189
4279
8462
4242
1213
2357
5637
4688
7713
8839
6474
3538
6117
5580
1164
5360
7072
3574
2480
1929
852
690
4790
7949
9808
5748
9808
9277
675
8697
3230
1763
1687
5935
8602
4515
4207
4449
4792
7449
6323
8381
1231
9309
6301
6864
759
8995
7073
2529
3324
9989
9068
5969
5075
4976
7584
2603
6425
5297
2642
4897
9584
7820
3805
4693
732
9992
9788
7525
4518
2381
2853
3228
8904
6847
976
4894
6488
7623
6552
1272
4409
2081
8990
6104
8683
7684
23
1542
387
1763
4699
1812
517
1127
8160
7569
7509
9229
8078
1035
6451
9658
5351
6921
1815
6042
1093
4392
6202
97
6288
887
5987
1551
1530
9466
1086
5898
8233
7556
56
8574
9398
6444
3703
7009
7571
7683
4
5250
9982
4696
704
9351
6017
5278
5249
5593
162
3472
859
7710
4327
7315
8483
3798
7100
2354
3157
8336
3852
9483
3834
9832
883
9662
2159
36
8805
7394
1845
6339
5244
9437
336
5035
4579
5159
2230
9423
2942
213
9619
3425
9969
5741
7894
8317
4918
1191
6881
7459
3661
16
6188
1509
4821
4025
583
4496
7821
3936
5876
9334
3009
849
8312
9893
4153
5719
798
5594
6617
1734
7429
3606
266
7481
3695
3234
4817
7220
3567
6821
6708
8216
6173
1612
836
4103
4193
7383
7513
7551
3300
5411
4873
5128
6964
5319
9622
2174
3782
7725
4483
5762
5110
2242
9015
9362
9231
2350
1548
3704
4563
931
3923
4516
8461
2849
7438
9300
62
3867
7953
2124
5332
8384
446
7527
9958
2020
8495
2056
1077
8905
2123
4708
1948
7679
8251
5611
4625
4687
1592
5622
4467
7598
241
8237
6864
7796
9457
9176
959
5275
9139
8320
7351
5489
5404
3301
6753
3623
4287
3974
4419
8112
6096
2237
779
1846
2245
2239
2175
6519
2460
1866
6842
2789
9220
7594
361
6561
7973
1269
1685
9571
6236
9215
5549
676
2047
1154
9567
2775
2378
8877
4659
9127
5113
2340
5578
1987
3991
3922
4253
5922
4505
9939
2424
7982
159
2206
1619
6953
2749
1417
7911
4335
7320
8434
6082
405
2356
9186
2838
9746
8389
3809
1540
1953
3720
909
1547
4885
4210
3393
3710
9809
5225
3152
9843
20
7716
8108
8027
7146
7161
6581
7517
2237
3625
785
6716
1931
3549
3343
5186
3539
9048
8171
5975
6725
8482
9805
7702
3595
2835
3317
6770
3477
6074
320
8829
3461
4031
5259
5213
844
5632
169
4428
9022
2285
5392
986
4098
6140
8360
3880
5484
5561
2481
4815
134
6661
3435
1965
6670
3009
687
8438
2640
1762
7961
5927
5436
3343
7550
3072
4950
3561
9853
4954
3983
1577
1333
4839
629
4491
1211
1795
5349
9480
9635
8131
4336
7402
7821
8743
9887
7582
3699
392
7978
2070
4993
2710
3001
9108
5320
4295
9728
9756
7898
6628
2942
8668
5771
5788
5920
9875
7057
6881
9942
1069
8663
8988
8372
5409
2172
9025
483
8098
1142
1390
2173
6149
9931
6494
2990
3620
357
5388
1475
1365
3977
9541
3729
9857
4592
4561
3325
6024
7692
4122
4210
182
991
5718
2082
7133
2960
2967
3876
6297
4282
169
9451
9330
583
3547
4367
130
3415
203
7680
1310
501
182
4158
3320
5538
9251
5953
7196
2488
9999
4849
9622
9203
6697
2524
9449
487
4976
2896
8102
1245
841
7626
2433
6249
4804
3082
7464
4221
5962
4696
8216
434
7777
2510
4354
3841
1967
9955
8722
1847
9453
6404
1016
8296
7622
2886
838
7963
1304
9517
121
3905
802
2635
3569
2419
4080
9426
7141
3984
1778
7901
8841
7622
3124
505
3122
361
7988
318
69
3144
5352
9870
3184
9444
1283
3903
5072
3072
131
9079
8632
7266
1122
5586
2448
7967
8782
7879
2998
407
9687
4369
3014
9609
9933
8788
4895
2217
7405
9154
396
9179
447
3803
3006
6254
9841
7778
7391
2050
4156
7023
1084
1346
9454
2294
7189
4851
3124
9469
3301
5193
8170
8031
1060
2963
8663
4901
2798
5925
9279
6491
6606
9118
1840
7916
8791
3531
9603
4590
3189
6254
5684
8114
91
5566
5429
5322
3623
310
3837
6621
5371
4059
8178
7346
