1000
176
652
285
335
16
892
817
586
669
570
455
503
497
434
709
913
785
138
142
276
735
739
334
886
970
293
310
596
960
937
860
980
871
328
518
227
221
740
641
876
386
664
935
953
433
292
969
965
964
810
727
686
697
65
3
651
235
783
472
821
92
172
651
898
341
474
510
401
428
720
436
703
543
719
399
886
681
107
636
451
966
87
881
633
68
361
237
325
577
625
10
359
13
920
477
234
740
77
368
193
442
475
16
928
946
324
523
98
161
758
28
257
573
48
124
765
272
398
732
762
762
876
325
261
847
229
168
38
768
512
416
22
352
683
233
555
375
603
839
998
516
130
279
889
227
349
0
15
649
319
797
553
171
105
521
676
601
275
979
851
965
488
869
359
860
294
185
480
935
733
488
140
490
918
612
787
448
307
882
695
903
3
687
899
281
40
273
507
669
280
984
147
245
260
772
943
850
15
681
492
655
710
208
3
569
668
863
883
496
225
30
838
802
671
191
742
390
451
941
320
596
693
726
23
695
77
174
253
207
46
951
527
346
367
575
27
859
84
261
418
290
975
892
800
118
747
471
133
596
300
943
499
85
606
122
132
604
888
564
228
892
64
610
163
699
642
503
893
224
567
443
6
567
824
665
97
829
969
147
867
22
127
371
653
253
430
603
876
763
299
546
239
259
460
866
376
641
89
980
53
664
17
739
948
303
514
95
506
561
753
634
352
298
695
862
275
146
817
522
843
0
771
775
302
631
824
988
540
934
651
67
519
958
882
686
792
374
593
540
403
287
796
729
738
284
879
708
650
492
833
801
496
969
81
134
554
118
677
13
674
32
671
136
886
536
453
811
148
476
989
267
364
272
942
450
293
49
810
236
9
714
382
825
111
193
21
167
971
689
464
708
951
179
165
368
623
626
413
652
756
283
847
15
7
270
291
118
28
102
263
417
939
183
878
601
965
355
353
757
337
493
779
785
441
763
331
492
599
625
637
30
790
866
600
796
87
969
559
700
574
864
305
737
37
734
165
148
775
833
17
61
462
433
861
361
115
922
322
781
868
742
234
577
432
361
305
954
840
689
687
392
306
398
179
315
822
421
695
155
387
495
578
684
657
984
321
670
99
390
260
295
702
877
853
509
678
877
215
468
578
329
703
456
724
388
450
275
888
525
947
872
715
735
939
118
449
264
132
25
169
606
502
372
870
758
223
652
404
668
616
508
536
558
834
308
71
365
397
356
314
814
103
266
926
767
285
415
551
358
863
29
508
62
158
372
173
322
957
713
680
542
899
242
963
269
862
855
216
184
653
788
320
53
968
417
883
164
296
122
86
888
163
39
701
908
857
673
227
350
596
808
332
531
893
893
469
269
738
81
776
752
96
405
174
759
142
169
830
644
597
462
51
835
499
878
993
803
761
909
492
349
907
232
759
802
445
40
619
229
442
887
496
6
993
18
348
216
448
28
333
115
462
762
40
607
141
792
781
21
839
469
556
691
434
490
992
828
245
178
780
877
90
171
868
142
388
27
930
728
599
313
467
965
768
134
214
367
394
669
376
796
374
235
667
990
293
566
7
794
908
520
212
449
299
174
16
89
750
295
274
128
126
555
256
597
200
408
519
596
86
497
992
934
738
579
517
742
220
447
296
270
304
58
414
381
794
59
813
238
855
263
915
542
546
144
357
225
706
311
157
920
306
75
9
658
403
602
270
202
871
904
671
123
134
862
720
256
270
751
265
422
938
318
721
394
789
232
5
911
200
899
305
181
383
977
462
716
210
632
849
525
366
508
335
682
762
641
143
3
502
27
130
140
76
413
301
662
867
881
197
852
514
234
85
755
126
764
803
728
884
964
465
145
92
910
189
152
292
546
470
341
705
847
799
36
834
933
664
395
801
463
132
929
607
320
785
127
309
444
894
793
805
854
400
411
745
364
401
281
899
227
606
474
143
946
420
627
158
816
123
462
790
305
900
488
14
279
326
709
405
187
262
342
17
762
40
468
635
499
216
275
405
137
168
41
994
667
274
280
512
918
457
569
636
596
418
384
553
784
983
915
571
282
599
235
504
847
158
394
224
348
23
963
112
90
333
309
456
51
402
440
274
634
315
513
418
532
621
271
279
741
357
477
885
355
512
119
696
705
442
584
936
620
663
208
880
64
928
622
107
173
477
107
372
764
872
693
411
713
901
142
687
215
590
23
831
826
525
30
246
369
282
381
193
222
998
578
453
258
781
94
520
726
937
563
184
632
741
867
262
800
791
118
168
616
840
892
33
624
331
